T_st = 0.0001;
R_a = 1.1301;
k_b = 0.35686;
b = 49.034;
m = 0.23898;
F_st = 5.85;
I=0.0030951;
L=5.9442;
